1 115
150 150 150  150 150 150  0 255 0  150 150 150  0 0 255  255 0 0  150 150 150
0 255 0  150 150 150  0 0 255  150 150 150  255 0 0  150 150 150  0 0 0
0 0 0  0 0 0  0 0 0  255 0 0  150 150 150  0 255 0  150 150 150
0 0 255  150 150 150  255 0 0  150 150 150  0 255 0  150 150 150  0 0 255
150 150 150  255 0 0  0 0 0  0 0 0  0 0 0  0 0 0  150 150 150  0 255 0
150 150 150  0 0 255  150 150 150  255 0 0  150 150 150  0 255 0  150 150 150
0 0 255  150 150 150  255 0 0  150 150 150  0 0 0  0 0 0  0 0 0  0 0 0
0 255 0  150 150 150  0 0 255  150 150 150  255 0 0  150 150 150  0 255 0
150 150 150  0 0 255  150 150 150  255 0 0  150 150 150  150 150 150  0 0 0
0 0 0  0 0 0  0 0 0  150 150 150  0 0 255  150 150 150  255 0 0
150 150 150  0 255 0  150 150 150  0 0 255  150 150 150  255 0 0  150 150 150
0 255 0  0 255 0  0 0 0  0 0 0  0 0 0  0 0 0  150 150 150
0 0 255  150 150 150  0 255 0  255 0 0  150 150 150  0 255 0  150 150 150
0 0 255  150 150 150  150 150 150  150 150 150  150 150 150  0 0 0  0 0 0
0 0 0  0 0 0  0 0 0  0 0 0  150 150 150  0 255 0  150 150 150
0 0 255  0 0 0  150 150 150  150 150 150  150 150 150  150 150 150  0 0 255
150 150 150
